-28856 -28182
-28856 -28182
-28856 -28182
-28856 -28182
-28856 -28182
-28768 -27810
-28768 -27810
-28768 -27810
-28768 -27810
-28768 -27810
-28768 -27810
-28768 -27810
-28667 -27330
-28667 -27330
-28667 -27330
-28667 -27330
-28667 -27330
-28667 -27330
-28667 -27330
-28667 -27330
-28554 -26792
-28554 -26792
-28554 -26792
-28554 -26792
-28554 -26792
-28554 -26792
-28554 -26792
-28453 -26292
-28453 -26292
-28453 -26292
-28453 -26292
-28453 -26292
-28453 -26292
-28453 -26292
-28453 -26292
-28453 -26292
-28331 -25704
-28331 -25704
-28331 -25704
-28331 -25704
-28331 -25704
-28331 -25704
-28331 -25704
-28234 -25241
-28234 -25241
-28234 -25241
-28234 -25241
-28234 -25241
-28234 -25241
-28234 -25241
-28234 -25241
-28234 -25241
-28111 -24718
-28111 -24718
-28111 -24718
-28111 -24718
-28111 -24718
-28111 -24718
-28111 -24718
-28012 -24309
-28012 -24309
-28012 -24309
-28012 -24309
-28012 -24309
-28012 -24309
-28012 -24309
-28012 -24309
-27902 -23867
-27902 -23867
-27902 -23867
-27902 -23867
-27902 -23867
-27902 -23867
-27902 -23867
-27902 -23867
-27790 -23432
-27790 -23432
-27790 -23432
-27790 -23432
-27790 -23432
-27790 -23432
-27790 -23432
-27790 -23432
-27677 -22978
-27677 -22978
-27677 -22978
-27677 -22978
-27677 -22978
-27677 -22978
-27677 -22978
-27677 -22978
-27564 -22548
-27564 -22548
-27564 -22548
-27564 -22548
-27564 -22548
-27564 -22548
-27564 -22548
-27464 -22150
-27464 -22150
-27464 -22150
-27464 -22150
-27464 -22150
-27464 -22150
-27464 -22150
-27464 -22150
-27351 -21721
-27351 -21721
-27351 -21721
-27351 -21721
-27351 -21721
-27351 -21721
-27351 -21721
-27351 -21721
-27239 -21256
-27239 -21256
-27239 -21256
-27239 -21256
-27239 -21256
-27239 -21256
-27239 -21256
-27137 -20856
-27137 -20856
-27137 -20856
-27137 -20856
-27137 -20856
-27137 -20856
-27137 -20856
-27137 -20856
-27024 -20473
-27024 -20473
-27024 -20473
-27024 -20473
-27024 -20473
-27024 -20473
-27024 -20473
-26924 -20138
-26924 -20138
-26924 -20138
-26924 -20138
-26924 -20138
-26924 -20138
-26924 -20138
-26924 -20138
-26810 -19824
-26810 -19824
-26810 -19824
-26810 -19824
-26810 -19824
-26810 -19824
-26810 -19824
-26810 -19824
-26695 -19474
-26695 -19474
-26695 -19474
-26695 -19474
-26695 -19474
-26695 -19474
-26695 -19474
-26594 -19161
-26594 -19161
-26594 -19161
-26594 -19161
-26594 -19161
-26594 -19161
-26594 -19161
-26594 -19161
-26479 -18850
-26479 -18850
-26479 -18850
-26479 -18850
-26479 -18850
-26479 -18850
-26479 -18850
-26479 -18850
-26364 -18497
-26364 -18497
-26364 -18497
-26364 -18497
-26364 -18497
-26364 -18497
-26364 -18497
-26263 -18176
-26263 -18176
-26263 -18176
-26263 -18176
-26263 -18176
-26263 -18176
-26263 -18176
-26263 -18176
-26146 -17860
-26146 -17860
-26146 -17860
-26146 -17860
-26146 -17860
-26146 -17860
-26146 -17860
-26044 -17696
-26044 -17696
-26044 -17696
-26044 -17696
-26044 -17696
-26044 -17696
-26044 -17696
-26044 -17696
-25929 -17569
-25929 -17569
-25929 -17569
-25929 -17569
-25929 -17569
-25929 -17569
-25929 -17569
-25827 -17444
-25827 -17444
-25827 -17444
-25827 -17444
-25827 -17444
-25827 -17444
-25827 -17444
-25827 -17444
-25711 -17314
-25711 -17314
-25711 -17314
-25711 -17314
-25711 -17314
-25711 -17314
-25711 -17314
-25609 -17239
-25609 -17239
-25609 -17239
-25609 -17239
-25609 -17239
-25609 -17239
-25609 -17239
-25609 -17239
-25491 -17147
-25491 -17147
-25491 -17147
-25491 -17147
-25491 -17147
-25491 -17147
-25491 -17147
-25388 -17106
-25388 -17106
-25388 -17106
-25388 -17106
-25388 -17106
-25388 -17106
-25388 -17106
-25287 -17080
-25287 -17080
-25287 -17080
-25287 -17080
-25287 -17080
-25287 -17080
-25287 -17080
-25287 -17080
-25171 -17065
-25171 -17065
-25171 -17065
-25171 -17065
-25171 -17065
-25171 -17065
-25171 -17065
-25171 -17065
-25057 -17065
-25057 -17065
-25057 -17065
-25057 -17065
-25057 -17065
-25057 -17065
-25057 -17065
-24954 -17065
-24954 -17065
-24954 -17065
-24954 -17065
-24954 -17065
-24954 -17065
-24954 -17065
-24954 -17065
-24840 -17065
-24840 -17065
-24840 -17065
-24840 -17065
-24840 -17065
-24840 -17065
-24840 -17065
-24840 -17065
-24724 -17065
-24724 -17065
-24724 -17065
-24724 -17065
-24724 -17065
-24724 -17065
-24724 -17065
-24622 -17065
-24622 -17065
-24622 -17065
-24622 -17065
-24622 -17065
-24622 -17065
-24622 -17065
-24622 -17065
-24507 -17065
-24507 -17065
-24507 -17065
-24507 -17065
-24507 -17065
-24507 -17065
-24507 -17065
-24405 -17065
-24405 -17065
-24405 -17065
-24405 -17065
-24405 -17065
-24405 -17065
-24405 -17065
-24300 -17065
-24300 -17065
-24300 -17065
-24300 -17065
-24300 -17065
-24300 -17065
-24300 -17065
-24300 -17065
-24184 -17065
-24184 -17065
-24184 -17065
-24184 -17065
-24184 -17065
-24184 -17065
-24184 -17065
-24079 -17065
-24079 -17065
-24079 -17065
-24079 -17065
-24079 -17065
-24079 -17065
-24079 -17065
-24079 -17065
-23962 -17065
-23962 -17065
-23962 -17065
-23962 -17065
-23962 -17065
-23962 -17065
-23962 -17065
-23859 -17065
-23859 -17065
-23859 -17065
-23859 -17065
-23859 -17065
-23859 -17065
-23859 -17065
-23859 -17065
-23742 -17065
-23742 -17065
-23742 -17065
-23742 -17065
-23742 -17065
-23742 -17065
-23742 -17065
-23638 -17065
-23638 -17065
-23638 -17065
-23638 -17065
-23638 -17065
-23638 -17065
-23638 -17065
-23535 -17065
-23535 -17065
-23535 -17065
-23535 -17065
-23535 -17065
-23535 -17065
-23535 -17065
-23535 -17065
-23418 -17065
-23418 -17065
-23418 -17065
-23418 -17065
-23418 -17065
-23418 -17065
-23418 -17065
-23314 -17065
-23314 -17065
-23314 -17065
-23314 -17065
-23314 -17065
-23314 -17065
-23314 -17065
-23210 -17065
-23210 -17065
-23210 -17065
-23210 -17065
-23210 -17065
-23210 -17065
-23210 -17065
-23210 -17065
-23095 -17065
-23095 -17065
-23095 -17065
-23095 -17065
-23095 -17065
-23095 -17065
-23095 -17065
-22991 -17065
-22991 -17065
-22991 -17065
-22991 -17065
-22991 -17065
-22991 -17065
-22991 -17065
-22991 -17065
-22875 -17065
-22875 -17065
-22875 -17065
-22875 -17065
-22875 -17065
-22875 -17065
-22875 -17065
-22772 -17065
-22772 -17065
-22772 -17065
-22772 -17065
-22772 -17065
-22772 -17065
-22772 -17065
-22772 -17065
-22654 -17065
-22654 -17065
-22654 -17065
-22654 -17065
-22654 -17065
-22654 -17065
-22654 -17065
-22548 -17065
-22548 -17065
-22548 -17065
-22548 -17065
-22548 -17065
-22548 -17065
-22548 -17065
-22548 -17065
-22432 -17065
-22432 -17065
-22432 -17065
-22432 -17065
-22432 -17065
-22432 -17065
-22432 -17065
-22331 -17065
-22331 -17065
-22331 -17065
-22331 -17065
-22331 -17065
-22331 -17065
-22331 -17065
-22331 -17065
-22215 -17065
-22215 -17065
-22215 -17065
-22215 -17065
-22215 -17065
-22215 -17065
-22215 -17065
-22111 -17065
-22111 -17065
-22111 -17065
-22111 -17065
-22111 -17065
-22111 -17065
-22111 -17065
-22111 -17065
-21994 -17065
-21994 -17065
-21994 -17065
-21994 -17065
-21994 -17065
-21994 -17065
-21994 -17065
-21889 -17065
-21889 -17065
-21889 -17065
-21889 -17065
-21889 -17065
-21889 -17065
-21889 -17065
-21787 -17065
-21787 -17065
-21787 -17065
-21787 -17065
-21787 -17065
-21787 -17065
-21787 -17065
-21787 -17065
-21669 -17065
-21669 -17065
-21669 -17065
-21669 -17065
-21669 -17065
-21669 -17065
-21669 -17065
-21566 -17065
-21566 -17065
-21566 -17065
-21566 -17065
-21566 -17065
-21566 -17065
-21566 -17065
-21566 -17065
-21449 -17065
-21449 -17065
-21449 -17065
-21449 -17065
-21449 -17065
-21449 -17065
-21449 -17065
-21347 -17065
-21347 -17065
-21347 -17065
-21347 -17065
-21347 -17065
-21347 -17065
-21347 -17065
-21244 -17065
-21244 -17065
-21244 -17065
-21244 -17065
-21244 -17065
-21244 -17065
-21244 -17065
-21244 -17065
-21126 -17065
-21126 -17065
-21126 -17065
-21126 -17065
-21126 -17065
-21126 -17065
-21126 -17065
-21020 -17065
-21020 -17065
-21020 -17065
-21020 -17065
-21020 -17065
-21020 -17065
-21020 -17065
-21020 -17065
-20901 -17065
-20901 -17065
-20901 -17065
-20901 -17065
-20901 -17065
-20901 -17065
-20901 -17065
-20796 -17065
-20796 -17065
-20796 -17065
-20796 -17065
-20796 -17065
-20796 -17065
-20796 -17065
-20690 -17065
-20690 -17065
-20690 -17065
-20690 -17065
-20690 -17065
-20690 -17065
-20690 -17065
-20584 -17065
-20584 -17065
-20584 -17065
-20584 -17065
-20584 -17065
-20584 -17065
-20584 -17065
-20479 -17065
-20479 -17065
-20479 -17065
-20479 -17065
-20479 -17065
-20479 -17065
-20479 -17065
-20479 -17065
-20359 -17065
-20359 -17065
-20359 -17065
-20359 -17065
-20359 -17065
-20359 -17065
-20359 -17065
-20254 -17065
-20254 -17065
-20254 -17065
-20254 -17065
-20254 -17065
-20254 -17065
-20254 -17065
-20148 -17065
-20148 -17065
-20148 -17065
-20148 -17065
-20148 -17065
-20148 -17065
-20148 -17065
-20042 -17065
-20042 -17065
-20042 -17065
-20042 -17065
-20042 -17065
-20042 -17065
-20042 -17065
-20042 -17065
-19923 -17065
-19923 -17065
-19923 -17065
-19923 -17065
-19923 -17065
-19923 -17065
-19923 -17065
-19817 -17065
-19817 -17065
-19817 -17065
-19817 -17065
-19817 -17065
-19817 -17065
-19817 -17065
-19711 -17065
-19711 -17065
-19711 -17065
-19711 -17065
-19711 -17065
-19711 -17065
-19711 -17065
-19605 -17065
-19605 -17065
-19605 -17065
-19605 -17065
-19605 -17065
-19605 -17065
-19605 -17065
-19605 -17065
-19486 -17065
-19486 -17065
-19486 -17065
-19486 -17065
-19486 -17065
-19486 -17065
-19486 -17065
-19381 -17065
-19381 -17065
-19381 -17065
-19381 -17065
-19381 -17065
-19381 -17065
-19381 -17065
-19272 -17065
-19272 -17065
-19272 -17065
-19272 -17065
-19272 -17065
-19272 -17065
-19272 -17065
-19165 -17065
-19165 -17065
-19165 -17065
-19165 -17065
-19165 -17065
-19165 -17065
-19165 -17065
-19059 -17065
-19059 -17065
-19059 -17065
-19059 -17065
-19059 -17065
-19059 -17065
-19059 -17065
-19059 -17065
-18941 -17065
-18941 -17065
-18941 -17065
-18941 -17065
-18941 -17065
-18941 -17065
-18941 -17065
-18836 -17065
-18836 -17065
-18836 -17065
-18836 -17065
-18836 -17065
-18836 -17065
-18836 -17065
-18836 -17065
-18717 -17065
-18717 -17065
-18717 -17065
-18717 -17065
-18717 -17065
-18717 -17065
-18717 -17065
-18611 -17065
-18611 -17065
-18611 -17065
-18611 -17065
-18611 -17065
-18611 -17065
-18611 -17065
-18507 -17065
-18507 -17065
-18507 -17065
-18507 -17065
-18507 -17065
-18507 -17065
-18507 -17065
-18401 -17065
-18401 -17065
-18401 -17065
-18401 -17065
-18401 -17065
-18401 -17065
-18401 -17065
-18296 -17065
-18296 -17065
-18296 -17065
-18296 -17065
-18296 -17065
-18296 -17065
-18296 -17065
-18296 -17065
-18176 -17065
-18176 -17065
-18176 -17065
-18176 -17065
-18176 -17065
-18176 -17065
-18176 -17065
-18071 -17065
-18071 -17065
-18071 -17065
-18071 -17065
-18071 -17065
-18071 -17065
-18071 -17065
-18071 -17065
-17953 -17065
-17953 -17065
-17953 -17065
-17953 -17065
-17953 -17065
-17953 -17065
-17953 -17065
-17847 -17065
-17847 -17065
-17847 -17065
-17847 -17065
-17847 -17065
-17847 -17065
-17847 -17065
-17741 -17065
-17741 -17065
-17741 -17065
-17741 -17065
-17741 -17065
-17741 -17065
-17741 -17065
-17634 -17065
-17634 -17065
-17634 -17065
-17634 -17065
-17634 -17065
-17634 -17065
-17634 -17065
-17525 -17065
-17525 -17065
-17525 -17065
-17525 -17065
-17525 -17065
-17525 -17065
-17525 -17065
-17416 -17065
-17416 -17065
-17416 -17065
-17416 -17065
-17416 -17065
-17416 -17065
-17416 -17065
-17416 -17065
-17297 -17065
-17297 -17065
-17297 -17065
-17297 -17065
-17297 -17065
-17297 -17065
-17297 -17065
-17191 -17065
-17191 -17065
-17191 -17065
-17191 -17065
-17191 -17065
-17191 -17065
-17191 -17065
-17085 -17065
-17085 -17065
-17085 -17065
-17085 -17065
-17085 -17065
-17085 -17065
-17085 -17065
-16979 -17065
-16979 -17065
-16979 -17065
-16979 -17065
-16979 -17065
-16979 -17065
-16979 -17065
-16979 -17065
-16860 -17065
-16860 -17065
-16860 -17065
-16860 -17065
-16860 -17065
-16860 -17065
-16860 -17065
-16754 -17065
-16754 -17065
-16754 -17065
-16754 -17065
-16754 -17065
-16754 -17065
-16754 -17065
-16648 -17065
-16648 -17065
-16648 -17065
-16648 -17065
-16648 -17065
-16648 -17065
-16648 -17065
-16542 -17065
-16542 -17065
-16542 -17065
-16542 -17065
-16542 -17065
-16542 -17065
-16542 -17065
-16435 -17065
-16435 -17065
-16435 -17065
-16435 -17065
-16435 -17065
-16435 -17065
-16435 -17065
-16330 -17065
-16330 -17065
-16330 -17065
-16330 -17065
-16330 -17065
-16330 -17065
-16330 -17065
-16330 -17065
-16210 -17065
-16210 -17065
-16210 -17065
-16210 -17065
-16210 -17065
-16210 -17065
-16210 -17065
-16103 -17065
-16103 -17065
-16103 -17065
-16103 -17065
-16103 -17065
-16103 -17065
-16103 -17065
-15997 -17065
-15997 -17065
-15997 -17065
-15997 -17065
-15997 -17065
-15997 -17065
-15997 -17065
-15891 -17065
-15891 -17065
-15891 -17065
-15891 -17065
-15891 -17065
-15891 -17065
-15891 -17065
-15891 -17065
-15772 -17065
-15772 -17065
-15772 -17065
-15772 -17065
-15772 -17065
-15772 -17065
-15772 -17065
-15665 -17065
-15665 -17065
-15665 -17065
-15665 -17065
-15665 -17065
-15665 -17065
-15665 -17065
-15550 -17065
-15550 -17065
-15550 -17065
-15550 -17065
-15550 -17065
-15550 -17065
-15458 -17065
-15458 -17065
-15458 -17065
-15458 -17065
-15458 -17065
-15458 -17065
-15458 -17065
-15458 -17065
-15335 -17065
-15335 -17065
-15335 -17065
-15335 -17065
-15335 -17065
-15335 -17065
-15335 -17065
-15224 -17065
-15224 -17065
-15224 -17065
-15224 -17065
-15224 -17065
-15224 -17065
-15224 -17065
-15116 -17065
-15116 -17065
-15116 -17065
-15116 -17065
-15116 -17065
-15116 -17065
-15116 -17065
-15011 -17056
-15011 -17056
-15011 -17056
-15011 -17056
-15011 -17056
-15011 -17056
-15011 -17056
-14905 -17035
-14905 -17035
-14905 -17035
-14905 -17035
-14905 -17035
-14905 -17035
-14905 -17035
-14797 -17007
-14797 -17007
-14797 -17007
-14797 -17007
-14797 -17007
-14797 -17007
-14797 -17007
-14688 -16993
-14688 -16993
-14688 -16993
-14688 -16993
-14688 -16993
-14688 -16993
-14688 -16993
-14688 -16993
-14569 -16968
-14569 -16968
-14569 -16968
-14569 -16968
-14569 -16968
-14569 -16968
-14569 -16968
-14462 -16916
-14462 -16916
-14462 -16916
-14462 -16916
-14462 -16916
-14462 -16916
-14462 -16916
-14356 -16889
-14356 -16889
-14356 -16889
-14356 -16889
-14356 -16889
-14356 -16889
-14356 -16889
-14251 -16858
-14251 -16858
-14251 -16858
-14251 -16858
-14251 -16858
-14251 -16858
-14251 -16858
-14142 -16816
-14142 -16816
-14142 -16816
-14142 -16816
-14142 -16816
-14142 -16816
